Time KBIn PktIn KBOut PktOut KBIn_Rate PktIn_Rate KBOut_Rate PktOut_Rate
1732813732546 850.912165095155 2974.0923949191842 134.07265425135307 4257.92824516441 351.13643532629465 531.6398473199067 445.18040482361744 1854.7027006354808
1732813733546 741.3721792039987 2324.653727199975 159.3178261738754 647.4837670615061 301.5439417298742 733.7792704775359 360.09812181965583 332.9026795865944
1732813734546 521.6340703686126 1208.7986021333381 361.9909819304842 3432.553215978592 405.83451143833116 2009.9851894042256 253.61782695735724 1080.6971954005628
1732813735546 593.3216197839 4444.383726612079 610.7051289545727 4272.585934926244 299.84919542139096 1476.561135028411 70.6187903446428 1817.2041180299277
1732813736546 570.9170351384598 3939.1141818604224 475.06766887858004 2831.944964277631 301.5105277078394 926.9578774529114 175.23753151188538 1489.5230190302022
1732813737546 529.8412919539265 2328.695361024283 957.5363496253757 4503.476116820175 101.77981215753296 687.9264769624276 330.0484786421453 2354.9527840925675
1732813738546 142.1053462986463 1848.135991327939 625.3534841210037 521.1064205503607 228.91414815162724 1355.0261935815704 307.46753420026096 989.1600116439873
1732813739546 140.98652685491172 1856.4506158439258 613.3346063585151 4133.481633522128 278.4892404943023 886.3180959353406 456.7802924951095 468.92942192359214
1732813740546 280.2569467598812 3511.4651858564353 693.1619577615212 1751.0491785766042 328.3957215523317 794.3671862665908 150.5683345826698 360.29751536371646
1732813741546 488.5223052850118 4197.556042863276 124.53555454180484 808.8325824600472 493.10754743561154 1115.607842484451 62.16940525851878 1198.3557429786083
1732813742546 537.3047311381514 1515.3990857361298 720.4455690996036 860.8114151467573 473.7784597972108 1288.7956391631103 230.18557820283962 1698.9679810507596
1732813743546 817.5084268913017 3542.658590816223 448.03887329031545 3495.962350346215 422.3907497214313 269.08160327658686 247.9793176728531 1420.8590861819926
1732813744546 841.1089856552727 4392.3087763921485 789.6627588933103 3288.3729666447744 203.68014002153387 1173.936354411216 173.05373670024693 781.4737385042747
1732813745546 699.7546644587578 4678.846356610888 569.9994475033557 752.7681256839589 480.7851832032686 1030.7185813190154 288.1590147116518 2457.1964929216824
1732813746546 746.4565361846085 4636.876613870758 373.9825669248786 4967.1926192885285 204.0135390965656 1166.7246609214353 447.83250830516624 1279.599222915423
1732813747546 575.7678514051586 4194.897336200633 914.7539885320341 1129.8970876042458 293.0823432297518 1377.6201118973274 427.94380449521947 783.597887568008
1732813748546 437.5207122418443 2379.509042302487 394.75357618946737 3029.0192541887322 434.59811180223517 985.5309359021043 366.5218902295583 2099.802177451086
1732813749546 334.7378645353913 4245.033961871826 831.7312679105552 1451.6131688921948 332.2350463620828 1181.6894428010742 153.43055119711363 1610.4636006593435
1732813750546 836.0377087526219 3771.7153753889297 802.062533987423 4881.314975858294 386.2077695069106 2334.221456936148 238.67451040027856 258.44194385223676
1732813751546 380.4523314467691 4657.020760772246 473.0281193171834 4604.933608221132 69.52415208732025 1964.5404428141494 315.3576356271738 1828.6423082461984
1732813752546 363.282025769417 2302.1139579661794 837.1532187003216 3226.6750128175413 192.72713591112372 1883.6244591246605 224.00742150568107 417.91659979599115
1732813753546 893.666785759352 4824.996160527041 863.3849498051208 4509.151679639088 298.40946421569754 1111.4522878612522 457.69110310178206 1918.3954406580485
1732813754546 268.96801652820824 1189.9186949232833 725.910679327554 1873.4134204527506 483.96077695323964 552.1623720443581 430.28929998553934 1004.1683368445488
1732813755546 227.29662436233923 2564.6615522943425 397.7423419886851 4912.457508433443 251.19939851360567 1837.0624936196104 195.6904155778986 582.3201918585949
1732813756546 278.418803181886 1676.3473198562533 704.7843255441812 947.5004774255351 338.76850937287156 713.649161884731 300.1247288471334 1456.8454019663916
1732813757546 153.24746961815038 4218.625863271454 523.1597822692826 4321.302679091941 364.0352198071306 1104.3203591972347 314.6516497345341 1256.6593378001903
1732813758546 138.08178420149332 4750.910736396819 227.59642546771352 926.0654822277218 423.8430339445564 2455.493558857783 335.3729698824695 1952.2476870461342
1732813759546 663.8990185597137 2572.9960439307524 262.1826089301768 3086.1464678558564 456.429146567439 1752.946456046294 157.26648057818335 1498.7793694259155
1732813760546 709.3450919892175 3702.3817986714507 461.7089219885672 1533.6446939103535 202.3724721716777 744.8392445113527 317.3501298603053 2462.608192934624
1732813761546 691.3632175170513 3639.942682999126 809.6728711982117 1918.6389036141277 221.27568055134714 2133.0626810852 449.6916028315208 930.7015859422507
1732813762546 660.2876432130171 3534.753058610151 794.1280591756164 1120.3944651028614 397.99897171678504 1358.6276632966528 89.55495094983391 841.2839095031364
1732813763546 252.7396884154075 4079.006983626617 906.6850900231453 3371.2905657608158 385.9907187312688 2049.624059872187 437.920301718292 329.6679106145872
1732813764546 728.3097346724194 571.2768897855213 165.30263139082086 2152.512244395515 489.305908822964 1407.1974177294674 245.69717084651535 2103.9711582501377
1732813765546 247.45942712356413 3362.660856211682 203.04697327944973 1541.166329860461 386.8649744159093 884.9924377673245 432.08101534792183 2312.2538943233026
1732813766546 316.4694047756658 1032.9927861598044 336.6587731619687 1013.7859379314021 381.0558830652246 340.48460864968513 461.72817678595 1283.404410685362
1732813767546 561.8786763369476 2836.4997936624395 880.4691591681411 4719.474524608755 181.75021873739536 570.3779714314903 452.32134517349505 274.589340642966
1732813768546 467.26298250351675 3098.739807102746 117.59011493076514 1040.9576286779984 494.36524494182515 2396.021750152593 188.2135736607106 2309.996143514885
1732813769546 931.1733823632136 4295.373474845483 137.45614264478195 4311.273824163087 317.69217555526285 497.19373841833385 156.59009983244192 1707.6258965878528
1732813770546 744.4893779002302 4816.73786301385 156.32347988520104 1435.5856997411875 161.48743416665735 2027.750447333861 365.1446575030446 974.8479372277214
1732813771546 413.1220717019946 2943.2084470985 630.6672903694838 2855.675820981547 66.88948714645196 671.3763558546231 228.95623705214553 1298.4341565187
1732813772546 863.469046355467 4445.118414458337 418.8071930263952 549.0608035306242 496.51505772895985 1972.4152066977294 211.02368705999135 1814.092522448159
1732813773546 286.5495057077188 4175.59492688255 211.51651157272283 4870.442758510927 252.97416229406556 1808.2389019560535 145.9277541628847 1370.3429056222606
1732813774546 983.997042110738 900.7492731487283 670.6888159293648 4125.00810838619 199.51423769288866 1866.1353641833753 243.7141933041119 2375.388679133077
1732813775546 938.0348792212 4239.793946208385 276.90569011198806 3709.1767453554567 382.5280159696682 817.769992016511 100.55802224991663 1865.4462758749678
1732813776546 527.2364825742468 3165.569006330108 339.24351148875564 3694.122156008405 140.3724124438345 649.8527513115334 273.5405674654106 544.221965059879
1732813777546 440.80747643368846 3876.959602181606 201.182529046993 3779.542377524032 70.60706032156955 1210.0710480166304 279.8895534561882 587.5516937984135
1732813778546 265.7144914568398 1475.3170606754134 427.6903888003129 3423.132631377993 460.16593912867353 1437.1303119831596 366.0757312248794 1357.2401286365198
1732813779546 964.6086740269469 1260.1203360572447 843.2389608033799 1191.612241198035 161.74246371061668 1307.5164169974169 89.0419181568295 817.7649180547717
1732813780546 623.4166764947009 3180.211497440805 717.229545783978 1968.738104083386 379.0785371417661 1488.353661798311 165.75288671569228 2267.3847843986982
1732813781546 410.6493151800574 2959.622753312695 288.79557861728745 4817.266451666095 333.4785885692298 1882.1916852588156 129.7443238288452 1326.033150945528
1732813782546 662.0094855964848 4212.367760406307 289.7650851648857 4591.464317035516 157.74514370264507 719.2700312230072 178.41321295661282 1531.962046597938
1732813783546 508.42736817444785 505.2447345025648 970.875575891924 3282.1219557118498 83.88558334985643 2400.4799632631966 194.50957981139442 570.4121949556591
1732813784546 755.9232227031938 4804.15809053617 539.028240563304 4853.271540010819 201.1023267380427 1113.8548006457197 124.62315809557984 2456.7151944322413
1732813785546 132.21488314137753 2542.979402952129 728.332258383062 2385.553392250169 357.6543096492977 991.0591471274297 393.54828455749384 2257.2519586186563
1732813786546 707.4366417390637 1481.3192884587907 133.38140395194597 1206.154973829156 221.50116766232352 933.4829624530221 425.77180736437725 1547.034171088883
1732813787546 934.7073974777467 4910.263043795256 319.3544108660674 1638.495448392031 248.68472952855453 1999.3775212985097 182.7592569365366 1553.3153544357735
1732813788546 555.5950918558722 4212.561156770578 273.68617857398186 3874.7260427878623 87.60612086503474 1837.264663505333 161.54339100731985 1011.0336094961182
1732813789546 841.915268335195 3920.124841427568 361.0974025538217 4164.147919904048 409.8925109689047 472.0473461005157 61.03671878364906 1336.1037130600014
1732813790546 643.6858931390425 532.842186115464 768.7479236372254 4791.077369272565 454.4876506825106 2376.63022811773 460.09983512469745 1777.4277071122974
1732813791546 858.8171478272601 1926.8818985549615 516.0880963785191 1189.5639659184553 193.72523298492433 1759.209780373031 388.53199515843016 1720.271847346531
1732813792546 780.1839956697203 4099.099109305879 793.0040238329921 1744.6686478798358 123.17007924487885 1535.0356549392448 466.4408701049736 985.2213432424531
1732813793546 681.729805901471 4911.03704256209 750.5563202987895 667.6178302694952 159.45360665841145 1819.0563186368122 242.75882332745041 935.3955225408174
1732813794546 674.4973264790038 2099.683198307914 804.8990741149441 3002.0527378309152 278.1030723855416 680.5448242249529 224.38207441120366 1509.702171719052
1732813795546 559.3188920003596 1538.133579365427 963.7851011396017 2701.4508358331645 68.27758443120406 1114.5302319087723 322.91616698861503 1333.6719330062724
1732813796546 259.5994488293315 651.1995914665813 185.62769114322745 2741.02172996694 110.68258127465208 1987.4137089096423 379.2400301235318 2363.1505536711165
1732813797546 923.7889564822476 1206.8658251843829 987.6681473404308 1182.2678534228912 298.80820602486716 709.0220961529026 173.74883945399796 2232.9702215505067
1732813798546 244.1568249071935 2756.842090391123 222.52796308503918 1459.8507754903546 174.5428287990352 2210.255918965122 253.27141564315153 1217.6426101117459
1732813799546 688.849536035618 2214.5828335420374 555.5733550312406 3450.782470404081 299.434275107362 1962.755887644124 451.66650578888243 2030.3621212899795
1732813800546 887.9010897333322 1416.8951605705438 690.0853631200347 1173.539776402315 233.18526814179475 1326.724169085281 471.7909741610642 843.0339954418888
1732813801546 797.6392006306374 4780.819812890741 856.8417541429338 4771.5627076331375 128.27628576083214 719.5333337173022 94.40670762704576 474.23646858546266
1732813802546 882.6138212980566 3999.247422841523 125.44849204315986 3527.357076586128 418.586064037711 468.6854703228717 475.83554577099375 2032.9828462758264
1732813803546 105.23457755002921 1765.1410055272972 483.2352703810417 788.5254042085733 369.819508528019 1966.121574492007 173.9384998347421 1438.2732283398148
1732813804546 305.8908555290845 575.257504087181 849.9785197839698 4135.186319882565 389.90354559011047 579.57844835552 142.81496779572757 1191.3449237787327
1732813805546 716.6688124321224 3232.291061734019 327.95322534742706 2393.5490319792193 97.70556068301394 1230.9895089789911 118.33071037791935 2385.253995722148
1732813806546 258.65145132887847 2441.32032948029 837.43639833848 900.9212302114558 479.08256708858846 2443.9148444790844 177.19334683486414 1593.9662157546704
1732813807546 928.7700596514551 4581.8556059251005 889.4193877696745 1148.3543653610836 65.48358687422927 367.3651363625795 234.14553266844658 918.8458540850462
1732813808546 554.0229835113455 931.2265757441469 343.727286553799 1157.7099978240224 446.0750664014391 1715.1819282994127 481.60216262464013 2458.451189064994
1732813809546 857.3949265563342 4221.1857511996295 784.9763410059968 4467.785400254194 457.036029467151 2349.379229130561 96.96008150469089 1043.3710884837178
1732813810546 611.0762967101299 3740.281479413506 727.0052591967169 2145.8593581364375 372.34839698054225 1400.6817438856401 324.3020045077905 1812.1625528955453
1732813811546 721.5226581090886 2454.0316264185312 505.72228235073436 1467.4889138814672 491.69265669150633 1584.8532133106341 233.68916331959593 487.9524751110839
1732813812546 740.1086417949359 3245.166814034687 638.2904958283799 1410.5260929820477 60.304025588899506 2000.3111752233294 443.7185734957255 1284.328638605272
1732813813546 791.4587226660641 3933.0949739022303 118.76109081499074 2913.451602472858 227.549604967755 2040.1166230640656 495.25578975002173 328.8447094622708
1732813814546 710.2996847742093 4902.907849551058 718.709764431535 2489.970659269196 86.4084796962936 1790.5895558088826 79.8855569633163 2042.0764425148307
1732813815546 594.4049442838345 2446.5210782518916 271.5598201839009 2204.659773200624 498.29888802040983 1877.4905249460564 159.16628309942496 877.8463306290969
1732813816546 882.7621985734545 2194.464886309831 701.8046517968099 4121.2140406210165 192.58628846266865 2422.8541114032682 151.09965850619108 2080.7713768286944
1732813817546 661.7107751532433 2963.307557369596 792.372413818697 556.7521554886067 130.25262965455826 2011.3251560695296 210.7838633906947 2177.944827806391
1732813818546 738.1249657152217 3744.4488840426397 894.5680221963598 857.7326341052774 122.75532974247349 1623.9960531116044 464.7645902193205 941.7412250226866
1732813819546 548.216414118839 4358.656587480764 903.7792143115564 1099.8301959550913 482.12771825342406 1749.0289307040673 270.16020330413573 503.74258144351006
1732813820546 676.3552157545641 2083.8010643640596 700.309093689994 942.7449754183447 346.81184515894915 446.792989328164 174.55943932378446 670.4178248527669
1732813821546 549.0271383430847 3579.9954013192573 850.2461555295005 1859.3002562345623 193.4464672051564 780.2634990176555 486.9585426494038 1253.0761291729523
1732813822546 272.53361473080867 1054.3850714533714 375.7115165531971 3951.6327021329857 91.29549923697371 517.4899383285665 258.37418521883296 1384.0297377792435
1732813823546 514.1875070436898 4097.347226482047 910.8314712117949 3282.7869218743635 76.58607310875941 545.0561904241065 430.1038991692151 2184.2567148995768
1732813824546 455.50008599919687 3670.4524424583396 938.2871892829937 2590.605278069003 398.93244318374605 293.17096090711095 246.49264429068654 1194.1217663889179
1732813825546 765.919508186568 2605.519356697841 185.52250913280153 2459.936480428114 379.11987010702506 297.95850090015944 447.61689150982767 2031.634595672593
1732813826546 313.4181959224255 1189.7780325570693 919.6192540700936 2597.5780720365406 338.8144422656072 1944.482569219974 239.5465279304532 1767.5672502054542
1732813827546 238.09196439473155 3715.906705256286 153.12013401736027 1338.748016540429 484.39983630313833 551.2038712895912 486.99711609713256 885.0697072343916
1732813828546 243.80208224527252 2075.6984447123486 442.6921885772022 4485.422168158752 451.1392457725038 523.0013350117404 395.5986081700295 2040.3993474902377
1732813829546 455.01786525341197 3147.8804208987353 117.85516797649638 3332.387143320114 327.87903843085996 1900.3094056726452 434.26196234978477 415.04308948426524
1732813830546 620.2085233160351 4766.779092615336 647.825867351175 4171.842008439165 448.4024920884439 1365.0985503888842 405.92027238735227 1573.3033475826433
1732813831546 707.4605876761556 4168.250076789596 147.92952982848954 529.5545389492797 205.22696769173317 2434.273604418584 72.59175286687626 1534.5577784881818
1732813832546 464.50349520010127 4007.98182900985 312.7418656435335 1370.6333097068114 112.5969538292478 2062.1788806985896 389.97337378960356 2323.3882071349162
1732813833546 263.9894337827818 3743.540206427552 340.47489082088794 4751.591181212688 298.9051957701988 1892.0547459726536 374.7595143521571 2218.551081317127
1732813834546 737.408319575818 1320.7565124857947 119.25119775459082 4137.686816949315 306.51465292228346 1079.7755012774971 326.7190290291723 2180.2578014443443
1732813835546 332.0395583236351 1354.4156164149172 835.3760844010609 3042.005062300816 309.64242248501927 1296.097936586905 435.73567845704355 837.4209745799244
1732813836546 497.2099881570086 3647.0260617144513 542.0063447048549 2421.5400917796387 334.74615160887646 870.4364413599266 383.5840430744497 2109.0033429721666
1732813837546 297.7893204945554 4021.448549369152 350.01566910920104 1455.5088161329534 313.02215811604844 662.3784077913128 385.87050541823936 2224.9911382141163
1732813838546 501.41514153250927 1135.5314456827548 236.4731344066511 987.118951124347 149.94699118404438 550.7049702020537 293.00149111943153 2373.7734807919946
1732813839546 335.6714250718652 1435.8115086023322 208.19006159375851 589.8057991639018 340.53245741289106 1322.0730893799055 434.79861019009627 1126.5461647514799
1732813840546 723.9202421742937 4500.430467164766 541.8920864802872 1190.1300472538865 232.10057483999762 2013.2044092421581 456.4146820376361 2367.4567470771904
1732813841546 371.3123241832489 2503.091584955515 485.3826578956837 4219.247180066153 340.26385898364117 982.0405640370469 322.08996411808533 1978.4640742748818
1732813842546 147.9867653824939 4499.706061169554 843.939309851859 1741.053082446591 305.13683581698194 863.8254858509705 361.20330054077 2213.0712681545747
1732813843546 340.05766780183285 3396.819053273363 202.07091435794737 3184.4594444405993 292.4757588683605 1992.7927611802922 458.97030854066924 280.50651082801244
1732813844546 576.895228440447 3773.699968456069 959.4992665100267 2633.230514011039 256.5964491964846 1810.1964412653065 362.0529780770507 1391.3956609561476
1732813845546 546.897960532975 4091.275434512141 832.2156932106137 4901.509496566366 234.0343460455143 1017.5080391506992 325.96903673347384 1933.6283721070474
1732813846546 925.4137464642894 3884.867006707547 782.6465079343515 1132.428391763526 318.9762803819972 1994.9527625532642 241.447886471837 1532.9782174242446
1732813847546 594.6927900826306 2756.155804416233 750.1437523782208 3333.8486231589964 334.75562015674774 891.3327465814332 321.9003643071748 662.3645516994698
1732813848546 908.2219890289541 2963.2178531613117 548.5885546524457 4702.261327564636 278.6670636057175 795.3370201140627 332.10234765221674 1859.4047493650764
1732813849546 262.85700287496513 3613.372427861889 836.6864469449982 4003.2967112998754 162.85489249106988 1877.1882867493732 168.67727683141584 1170.46648177025
1732813850546 310.73951670326323 3773.025852886366 857.918637351801 3766.130002745119 298.68930051544265 1049.827387402436 121.25954808070742 1049.7572309073917
1732813851546 594.6414994171255 3477.5358373254544 739.7992728379368 4612.326212500166 145.67729495647126 2379.7144706872446 152.63860166783616 2212.13738668928
1732813852546 852.8148379356401 737.6632110261372 218.53124086865657 4657.969030407092 447.49806541209676 1294.8106688023145 92.31959642892582 1849.9625272432077
1732813853546 561.6705553746956 4330.939085237313 226.6179331401428 964.6097388646998 85.2808355056115 1318.6977586544888 246.07384482556114 1706.6407824592607
1732813854546 200.30018228603097 1763.0082467072405 383.6602249004905 3524.125602597152 71.29418283357654 1889.840833890165 327.2071805083911 959.673979139887
1732813855546 313.87702968913106 3823.965768904423 471.7249753659467 2345.045876485192 177.17631948075206 2294.162742404148 394.1467353187622 2333.346574945403
1732813856546 880.1285715282307 3383.7211675004164 190.49884265859444 4233.050429795723 197.16913922365427 272.79215657382196 132.5139934972397 1822.7341055489806
1732813857546 390.1877127272718 781.8482790388359 888.2683640052753 541.5408822086165 187.25768545277904 633.856464853237 67.97207734400328 1367.6494116213976
1732813858546 579.6195128483133 2744.3077536958576 791.810354555751 560.4715020374668 112.93751090429186 466.6961691254869 130.52692202106766 1809.855970152621
1732813859546 931.7661840215812 1071.2383699190427 396.1905239255313 533.5367930168069 354.0709752050248 1888.5242037693342 497.88465648127385 2330.73506266372
1732813860546 288.89527559378627 4288.259261002126 598.706948498543 3212.533758456483 465.88819865948966 1455.1972453345415 345.4696826710569 1655.0562992883777
1732813861546 533.0560841805855 2684.739074014154 419.93718988139744 2605.2818949580856 441.9149362785347 290.6423064582316 303.91834761688904 2488.0094453635265
1732813862546 329.2476794823813 1473.9019559019703 512.4321585856123 2679.561900294933 367.68044870846916 536.2016370707844 90.68364271099432 2062.8220276027523
1732813863546 823.5145387306969 4951.303378709075 320.7606130838315 4808.752441596136 364.75792257267847 1038.9330920708117 451.48251108903594 1617.6475364708838
1732813864546 627.9054696084767 4567.459762118209 682.5402643609191 4017.123221680755 130.09377620736143 842.4597677511175 313.8522799413086 644.6138622975413
1732813865546 952.6875728362263 3695.670644157888 959.2228475745319 4880.166703360338 214.88064608956242 1612.7265407600607 114.01150487502137 1245.1486678463448
1732813866546 953.1594082012331 1831.4547416973085 860.0947144247458 1509.5445952773316 146.20684088315966 2352.6913821603007 405.224434895395 954.1789180930956
1732813867546 725.7521455755325 4034.1556823763053 197.95072280491362 4772.26655723755 235.90072034648225 489.78642313365157 451.1998574856729 2027.3407530817024
1732813868546 242.35233981562016 2467.2066242104984 791.0664404257923 3434.605840232661 417.77573476827564 1339.463094954945 217.45944432356197 1667.5649628757565
1732813869546 985.8175936156108 2544.9095823376542 842.3033939998031 3693.243469204727 90.84853164664592 2311.7393325735106 254.34368306748553 296.20211795939355
1732813870546 972.6628242344514 4426.797074214801 881.9119341294917 3030.671356291072 225.99344811441023 1054.8898249275283 226.9471555703856 1036.1308565591476
1732813871546 315.0631939479007 3413.9843294537795 212.82122642021227 646.1669319715751 456.98243169909586 1236.142067018354 310.42766858694125 672.4561087529523
1732813872546 838.4279156241008 991.4119037031351 406.26485177333774 4295.961139290246 303.5787499052574 913.9101466250278 245.1454816803049 1598.1118815856235
1732813873546 934.2314428979905 1848.3933430214242 573.1318298355183 4375.241551855646 499.76674216523617 1090.4520398630025 61.50167094654023 622.0454936175541
1732813874546 533.6035273040033 2544.918198895365 848.3498319711142 579.0094194775074 71.59134247419506 2370.5900115507375 343.1002586104381 645.9306402364152
1732813875546 464.30183380654535 4514.530910749105 147.0420520491765 3972.569603808453 186.36189032460592 1019.0197475262953 224.65037105162435 2015.6184594619176
1732813876546 923.9070842067705 4348.389927215376 623.0285647504578 4397.833223052559 222.97985941451637 1677.8303916580273 343.68030575891066 1466.2430760754066
1732813877546 437.1021223671367 4638.51170277719 485.95919859402005 2923.54918875159 461.03071956801085 1406.478873979539 392.4683825820875 869.9290979385647
1732813878546 320.7508178716057 2842.0961739141153 268.8327211765627 4526.218815371989 159.95189326063638 254.74754637425133 367.37007353367704 873.0051084433862
1732813879546 767.011763735843 4722.1736701326845 450.4510789844487 1454.4112480381145 440.8369947890945 1912.901675438303 465.67297852295553 275.29110865292904
1732813880546 750.4455036062751 773.1698804755407 989.6077281443258 3377.182764060316 461.578031494907 1015.5109641838812 397.56484054761626 540.2063738179995
1732813881546 375.8191187008111 3226.9222250865173 341.9369803105342 3755.729122598214 134.43963022691418 2439.910284405404 176.0377301472738 1393.191900879699
1732813882546 305.3249176585103 940.6792686939581 666.5002990787509 989.6909478607021 289.9845647084462 1820.736702378379 81.18540164376896 1428.1711790013503
1732813883546 719.2290263583631 1013.4837713772137 917.3366778809974 3604.0220546343758 186.00759939523633 1293.9957877973486 55.695380765442316 786.6932305559255
1732813884546 111.42817648695677 981.1708981987891 351.5189680260314 2479.844934348299 372.08082855461976 1146.864640473299 57.364517013683795 832.5746423934662
1732813885546 988.9997991439118 1708.5026611474018 980.887484072322 3435.114875284038 332.1344146838259 546.6600723339504 380.0058297235639 359.8615590982131
1732813886546 357.5261489809159 673.7569989382591 985.1921058357647 1386.797668035279 286.5232161324957 1349.528673955993 170.7497087404018 2326.617569951642
1732813887546 546.7713365303555 4645.623009004621 273.1393225753581 694.7479618020694 446.69998744298056 1444.7529686776447 419.21743195803174 1573.09599818449
1732813888546 778.8949662355893 1739.9137731719993 533.8538134181852 2041.9440380755875 202.2190170297679 1145.3592145893076 409.6711505624241 2154.2200585255996
1732813889546 911.833591533448 3788.569380490641 537.1970383294642 3647.3826529713047 485.61127661353896 2482.3709703329732 437.84146444801996 406.5937868411975
1732813890546 708.71907288833 1010.9405716413203 845.2319501565804 982.124116147892 433.2132456112078 576.4443825546899 88.15621341532912 583.1730235566397
1732813891546 242.15441394434293 2889.190306076531 250.98243166578902 4849.288295492949 118.69396133203401 2215.421771228283 376.3582242544039 1112.777019016229
1732813892546 520.2919384817188 2974.9835563257366 645.519567745111 3306.9688620508095 464.298756918497 351.575243748029 338.99720340739265 2419.3421523665006
1732813893546 991.0509275437411 2685.302123574767 413.2325072441508 4640.219679148499 181.27499183549511 1336.7043801290472 185.4213378607979 1898.3509831090935
1732813894546 883.2104528637274 2243.901037002971 902.6091840792889 4477.557009095738 340.15813358349163 1239.1200167541117 80.77621806535336 1767.0106879451744
1732813895546 955.3851709956468 1454.6855282029742 132.91773137376725 3918.0551664269374 217.5552976054387 1648.4760665116419 302.88286398967927 1364.3827579619217
1732813896546 895.8241200858836 1365.438930535277 945.7152053503853 696.3485449000933 275.47433764993605 882.4983808980257 116.04023156884114 1891.455086988707
1732813897546 634.0140024582903 1965.7740773751582 745.4418571842123 1153.455446088613 256.688331044742 1701.8016701926301 451.2479408949112 1705.783794622359
1732813898546 170.43206995892274 3106.366838930152 766.1985029555109 1610.906261791888 83.88748179453714 843.9001779760555 424.8891448584629 1073.291742842845
1732813899546 508.1044745353736 3280.231777189064 855.7832735873244 2748.582682661692 358.41931211352767 1557.0251998435374 254.99504101402252 1085.1687509898782
1732813900546 574.199115513805 2361.5904651423707 614.2807620603679 1611.2734124863975 383.5163550942461 2068.1110194907305 275.28973317192697 1630.1562372273897
1732813901546 689.549594342293 4399.555288109862 233.55117320846728 4082.621541244727 366.9155522851989 1943.6127787047308 100.16670613942034 961.7978562268406
1732813902546 666.4867660173782 1151.4446291427373 590.8967586776139 1593.889312335309 93.33372551076643 1587.0795769582498 253.46309550670938 2173.464550648745
1732813903546 525.787178817401 639.8403790479873 420.0920852062515 2228.771345433829 160.78415054195386 1723.4924773343234 342.61716815502206 753.4660673055726
1732813904546 297.3749593520157 4422.278821459972 528.7438603811746 3282.36205354731 350.96320806232353 466.5948320220743 389.39563530918923 1016.031786068897
1732813905546 389.2359879417799 1659.408765273414 155.70987013175161 3966.5467624456837 163.1926726906501 659.1695333971451 279.92812725871244 263.76255287778565
1732813906546 785.8978111678498 2142.5601620341467 975.3097164298816 1976.3989717136833 486.2910645307277 2411.295274066501 319.3462221920017 1143.4546515078002
1732813907546 970.222404311759 2262.663373707781 439.60973307437814 1635.8307848313534 358.86573704600664 296.46285486320795 129.51324802929008 2420.441486926669
1732813908546 542.8049289306828 3803.377435747021 659.0107647980052 4587.973456700835 58.12027528528421 1679.3361405735056 396.6212533401943 506.29603859221487
1732813909546 955.7112713435677 2182.652400147419 567.775429761873 1629.1081780083243 302.3279535314612 1752.4414053329851 119.94842172461834 1242.149700151539
1732813910546 505.1878786105211 3708.9886715273005 979.2118550953625 3953.1043530779853 238.04808807325352 342.8815201192819 135.3542184158344 1666.918937206759
1732813911546 414.608638001596 1620.8948088607108 464.1313959320192 687.499437897867 257.27768250293957 1845.845928574101 91.23370441652025 2132.5532288437003
1732813912546 291.68975643455303 3633.118489380127 412.68707730085055 968.685050665242 336.9918023873528 1601.6494291534527 344.7446363182859 2008.6253628270435
1732813913546 560.7757880810755 830.4082902029244 907.7696112400715 2988.2756916670946 61.063745024109636 917.6214522719514 249.77466905004152 606.8787634887851
1732813914546 643.5176415270844 3166.9062390889876 779.8477865225594 1896.0657357135897 115.36742009233114 1995.8071735297187 383.09599062230075 2423.7186854346687
1732813915546 975.6736812984838 2317.4968044537773 527.2559695807815 3975.500640986871 166.48161106397004 1816.2255000409323 470.565757005035 883.8927741418353
1732813916546 350.64252513396536 3583.902088557227 514.0306351996803 2782.4506078761833 344.08809636019316 1670.6290622454787 115.87912824952963 970.0463485112301
1732813917546 894.4708207248786 4096.293616823389 808.8707728067515 3768.912399951237 238.00981829905484 1663.354173570775 162.18714175543755 2000.2987754803403
1732813918546 504.56714461258235 1837.019358582547 724.4610908688819 1873.1912088991994 82.69806087063212 363.8051388501625 412.6047864272237 821.7527867862382
1732813919546 409.36730055658586 4010.858117307403 415.1014667835955 4303.218221443691 250.9010161901516 1856.0991915546213 469.8881672809375 1884.4027873950004
1732813920546 880.1276788706854 2158.716301436363 302.56132029980733 2940.89153071984 187.32941655416565 2010.1885371446306 174.57788080510653 822.2559683479615
1732813921546 664.2525276740167 737.6212717950152 246.1290593655015 3037.1027293897605 247.83967453859066 633.250847790254 182.804304880009 754.7087028851163
1732813922546 221.71176267950233 1828.0658993430563 852.6802125393349 4153.55021379008 480.48230066005056 901.6556735046778 374.95090778260516 301.5255621782683
1732813923546 726.4498836290923 4828.671881186243 861.4823104241668 4466.415576089332 256.34489915607764 915.7355871087235 333.0018759772697 812.5846348075305
1732813924546 402.15354956291714 902.3670447286845 312.1357865713934 4241.033270621227 372.22633792742664 2220.2400075381543 267.26292952014364 2252.146651169842
1732813925546 956.5693085309654 2396.23152933834 143.52302856546567 4155.998553764095 205.4047250759196 950.410710731981 244.99056323724292 1636.5336214612896
1732813926546 763.8196948081268 4717.750661444382 922.1953959840029 4458.483272284289 275.68408605885895 2354.837852244857 231.33094830287595 890.504781057541
1732813927546 756.4597734980769 1756.178667514574 677.2407474505486 2260.7296088012035 98.48498286802891 1647.421736163119 352.2894288168081 1309.4718451415038
1732813928546 167.0396040254285 1621.1371337988312 126.5739751083417 2734.81976070543 277.38752574696707 424.32091151627014 222.62658334672233 1786.58956103919
1732813929546 717.6736589962545 4835.051288719703 833.9552602986124 1021.1557525192998 458.15218159817607 1238.8528319346703 466.5460364480137 873.7740195390296
1732813930546 252.2397304189032 2783.9080885796557 976.5443783477235 1729.1443294813607 321.8286104445204 691.063611700213 109.30948869794292 1043.2899120882134
1732813931546 428.02994798894395 4419.16632416384 796.3104177397487 4072.452046237293 336.2912033650737 1308.449775394794 287.31132345275466 2189.281054443848
1732813932546 866.1623161191363 3575.308112224627 521.6973859351175 4175.660918289881 65.78769934792169 1758.017968133316 233.68366211644727 348.81956130055914
1732813933546 177.00745948013162 4447.907197121871 600.8405514528877 1312.5442347571643 428.78357517346586 1421.5856743521988 248.78904274968315 1966.2477562643512
1732813934546 150.67921668209664 2610.8555756425567 919.7473748954333 4479.117110125744 467.7423042726243 1773.4241346120498 266.59117551881764 2200.027457822767
1732813935546 598.0964090095098 4713.020740930577 725.6704288067303 3896.9263698492264 438.78857526170924 2477.038885830475 133.24873661490545 2408.0768631722763
1732813936546 846.302276171806 3811.191744465746 282.8806918685872 2060.4876876343524 436.63689332763465 2070.6535512106507 128.35599052803133 510.91005597498304
1732813937546 360.2735994527667 933.6489987172729 634.3994493752311 3569.622819719211 216.24536193691196 1805.8868790936458 319.6873949802461 1995.6952497429124
1732813938546 930.03038444558 4825.09313221049 752.961604470296 1988.9901256668693 198.3132719805991 2475.696374105029 458.1199276527005 1570.3998533974295
1732813939546 601.9154812137094 3225.754288985302 166.37437795634668 2328.9863608180713 389.0473110886703 1508.8895674496664 347.3029327146544 1398.7026684606374
1732813940546 569.6669223175961 3348.2010023029898 747.353844957967 3813.0139549886635 354.08244473805956 1279.6645727641662 305.22973938418295 571.7164730482123
1732813941546 704.2217108781124 1189.9414188969608 709.1564856209457 766.8890084625223 150.87185434048905 1418.2876102325476 368.1715701276343 1833.0766102430573
1732813942546 200.40857665767183 2296.892378739593 803.8188588542174 1921.2723664394234 240.6119640730179 1194.8586245607112 246.42613072266985 1426.5449692931813
1732813943546 735.8732490079644 1112.6405386041015 796.2683168961328 1316.3117513677894 250.38653086617748 1798.9903369664064 421.2039977785942 1008.7250979959167
1732813944546 982.3043843125912 2142.8890968294277 522.1344153971911 2156.9707356985064 220.52886011463102 1924.1199430849358 115.98818947946107 713.3779623445523
1732813945546 610.0450902202882 3660.6545163740875 824.6480308811833 1282.0788770969425 223.80057813201182 1318.230196995046 102.47297264672923 570.4535377192842
1732813946546 624.7230283719239 1653.592556374396 115.17614496718086 2747.391085628461 487.3489107729317 1751.4594299923765 77.15634013873563 1775.4911853460064
1732813947546 413.94954423212624 1690.3168816341563 706.3340486363168 1968.5359126590351 340.0282762697492 1359.4128794805672 476.7978625354927 1399.2463133476253
1732813948546 283.58430020583444 3375.9646595410927 479.1456648447507 3151.0263411238643 269.2022398045094 2187.9386423094943 377.5609302137622 436.9036294027587
1732813949546 599.163168847821 2502.5902588887798 828.9818154477801 802.6079082492829 365.95883500546375 1621.2423761027692 156.75465959450884 1678.8837488774548
1732813950546 790.6604754746461 2915.651036097245 702.7619706633461 2101.320223173764 289.9170239487935 1377.9302547054965 217.31849003269534 2125.0125618540715
1732813951546 278.4451993374556 2074.0740756399123 228.7406940618138 3036.199214441027 116.99281757155478 1129.083911202503 320.9560073673251 996.053856461939
1732813952546 806.9218566695222 765.3280561940225 259.13786237416673 1407.9235280592384 171.51840067409285 1018.4401493549786 226.541876507518 2213.2597801650872
1732813953546 459.16430709278137 855.1382445284473 668.2229018091327 1310.4249938200064 225.0251089586023 1739.9165154315556 422.5794320237184 1992.4826389743353
1732813954546 554.6314464114441 4319.381347955243 467.10973407636993 3503.269441745617 238.3969817546893 1791.36664806884 232.36022482823645 640.7447793706531
1732813955546 933.1457955874006 2896.0154171423674 247.29424128490217 1191.5562506265464 143.10192051133868 1959.5806669702874 469.2477912073543 1593.6546397743286
1732813956546 749.2312585358584 2310.350016526011 191.0049205616075 595.1853657712484 96.11573118892196 2246.3221683415895 145.65456047836082 1774.3668334785818
1732813957546 807.3035950027032 4954.009245101408 322.4373965209803 2310.1035829241455 391.1323322726719 2244.6661916900584 159.8106379144871 2262.0331586065663
1732813958546 272.9025449886863 3646.8318907750504 523.870164477308 2950.2840238700805 412.41924708675174 1725.1788343673034 84.23538716767493 1860.5066053515611
1732813959546 857.0150102036729 3750.670780973712 133.6363894837319 3482.473351896142 483.24660576166167 1829.2308321527985 50.64351632780013 2408.6340776058582
1732813960546 950.5736471332923 4590.199251896634 413.41624082860216 4605.02705241669 387.7441275915971 1476.4725428741565 83.87888956111493 1507.5599662120526
1732813961546 955.8506174900111 3135.1760344657373 284.6030893047754 1915.6006040188108 171.5764755008176 410.52136912777235 198.9564111065616 1071.3409851802094
1732813962546 357.23825748443534 3829.654021038498 117.31538754607855 563.2291138259928 397.7447046344956 997.0839325281576 384.3532967597834 411.14594142821943
1732813963546 602.0408369658737 4536.378400749421 966.397639354693 2327.2621993350963 180.150091089267 641.0554127729547 485.28094111180775 2470.2150752561056
1732813964546 288.162543714682 2820.067768114606 681.6699672228735 2159.5680001242317 459.6201002896636 1044.8314633095213 399.9900233809041 1279.42393087506
1732813965546 223.87118555009243 3335.320595001186 454.774068138177 2142.6741904313953 104.38743941783375 651.8523332053137 79.303712006738 2214.2146855690685
1732813966546 928.0385441860225 1730.433090267226 420.45993693172585 2824.1726451498216 158.34569582168922 2278.2131266139677 79.17419115349196 420.51630173269587
1732813967546 435.5578795356233 4208.4784824972585 635.4480834021518 4131.671409463732 406.60407681979785 1011.2936061398503 204.6241549211516 1423.5754393063933
1732813968546 853.9385642587765 3300.8378933393024 524.1378651629742 4780.950400475073 86.12492625584157 1570.8887328803412 123.18765976390705 779.3630456910271
1732813969546 192.7438098176571 4660.274647984519 179.78190734370634 3197.730457890717 184.9417297038346 828.3190745390326 339.7157189289417 2094.674013471865
1732813970546 295.48141881263257 2028.1881662523497 104.17751142881518 1413.4892422473022 68.81281762809206 461.8906308728634 190.44016243140902 1228.3564435558214
1732813971546 172.55292044035883 2211.006769483841 716.5544951161382 2134.4708737315873 227.00144718068847 2192.1305422709424 298.53605469122596 586.4880745523906
1732813972546 577.7954205721679 1549.796988758334 678.285013723199 4940.172146746842 100.85279691233663 1618.420575330548 358.0534774775296 1817.6840004500643
1732813973546 878.9350398061487 2009.8230622221633 427.46965710460114 2345.825307493061 240.2137197312497 1739.0293017141569 175.81021412102933 278.82546161196217
1732813974546 754.8329585438554 4011.297892709573 915.6371594506202 2065.0603352403427 415.9170012402504 2328.0680002029994 442.08131917128867 1958.1710237281018
1732813975546 884.2507445755055 3354.940661327075 939.9860183692083 2197.3327276650452 160.04075480642427 336.829966587223 357.6779188158149 2467.5035625317764
1732813976546 208.1344235565764 861.0039430931404 876.1831584352581 3004.445842033588 217.69924716518844 255.61563937300335 399.537957621928 1160.0402773426454
1732813977546 604.9088279297956 3914.8880016172484 520.3748018196825 2452.4267564347983 61.22300130335401 683.091895131199 192.5884917229099 1896.461362109298
1732813978546 156.8602347815762 3832.021966574925 979.9606910925305 4463.046342314147 142.86425451690096 1891.1488222122744 300.17540995593197 1271.716815586082
1732813979546 801.090272955165 2790.830544334132 670.6459481859976 3297.7923151027785 240.3281688235587 2289.9810534095986 103.65063714901585 338.9710739121068
1732813980546 270.17411087334017 2354.8639460492727 342.5339012674842 925.3714657130868 80.6547214452781 2148.9381289383136 450.1937272201096 2326.8002772871296
1732813981546 386.3411112400164 3573.652737397587 835.1415914681552 1795.4831435210008 177.1094766096026 1961.1054523527198 161.3436657239751 1721.9671755217726
1732813982546 909.8700332557141 2932.1746604557543 345.06226535884434 1499.2678593855949 155.05881256463553 1963.0045816284287 438.48600289832405 592.4818777281773
1732813983546 322.41682609112536 1167.0429014675283 345.37703803801276 2078.724221034149 476.78083759827916 912.5608206265964 477.50994946997304 1629.988759634094
1732813984546 190.87573832348738 4164.292861991453 417.93197189416367 3905.34740348487 69.3669790734809 873.678317959135 341.46050738253444 507.6681298782532
1732813985546 545.9383341373787 576.1548386902277 959.337497474966 3831.352625679548 203.25468786325675 1327.901398951184 372.3202103433373 2445.95340873131
1732813986546 884.8964585676276 4219.800134675283 848.6829247811727 526.4427617552968 284.6940779596857 1647.0704532911604 241.63639764297145 2298.258087181513
1732813987546 555.028951631988 1486.599545307707 775.4299901976124 2004.7669198107187 191.04674538589703 586.1452848014012 327.58438158351254 1328.582778845454
1732813988546 752.4031237553617 3235.5644865526433 254.29175918980863 3326.59697419768 99.94648199364507 2352.763594894275 492.9165384485798 1513.4901085610397
1732813989546 499.4519348853695 2170.354841663202 300.61396353061764 1385.855719162724 497.6266801920683 391.2809078756337 307.90945044753494 1616.8582013333692
1732813990546 583.179868011378 2270.5149892699583 602.9119826681624 2509.533900227386 183.69884727085926 1806.2832513061978 283.78499239437497 2209.635538583061
1732813991546 349.2418038588314 3250.8945511664256 114.44980208574336 3933.435806596288 81.42129463411551 1838.4400961898336 336.7535586179457 729.5558326485768
1732813992546 460.7279316561669 3600.9314073020064 974.529801508014 3225.5634592678207 296.7817450756123 1758.40168537857 376.4489495325221 1566.869560812057
1732813993546 976.5074291369688 2212.29658704181 483.51577326973614 1192.258583797382 379.1475845978109 603.4407105982093 349.3894376540522 655.66117646936
1732813994546 490.71637773938755 2845.3792036071195 679.4927473615772 4430.999951705702 493.43677612766595 601.0156430510481 125.0059852848154 2470.0701457576756
1732813995546 238.5568275748453 683.9478742732994 549.4798182543258 4833.425382863446 66.60201852908726 2498.2530684249236 370.48150827733554 474.5092968089426
1732813996546 616.0027552325186 2703.7099226979412 571.8984924421414 2847.004102348511 269.34513141958405 2403.6991353514345 76.11598535018436 2421.429345566133
1732813997546 547.7260079403122 2232.7101592385993 270.2885270035481 1531.3610630929977 319.93449868416184 1839.4141899408235 229.13084164647688 369.74054027110867
1732813998546 973.2208721494733 1972.5802219703041 396.0665731956174 2388.114777869226 232.3720076084647 2293.906122308612 93.39297905135223 1967.1851723482769
1732813999546 228.8447932795825 4427.427646139024 229.53306541501237 3637.740775461595 375.8583669695421 950.1545687796663 268.1486813058036 1374.2411258981547
1732814000546 183.266466691937 3524.651805718745 556.215329989769 4781.976201041312 423.6245957730029 1628.831846182136 397.3845261370411 1973.3617262442456
1732814001546 271.9606335252637 2776.8903222141716 794.3204878451369 964.6994048253822 275.16504689535805 2442.2398650046534 66.31111248726809 597.356646211831
1732814002546 400.7298659929444 4942.60215320646 995.8175165686032 775.2675792566811 61.72648166060523 1255.8085312824978 250.20440883387107 659.8097306556433
1732814003546 757.5805419610455 2602.496583181767 567.010821499021 1055.6447612608035 445.5141583846028 1670.8861037714355 214.15053276755552 1561.7252176981212
1732814004546 691.6710627734424 826.5824229480629 802.6051508760733 2571.537504414953 144.7939242621813 366.0669419238769 154.7827641562975 996.3527023319403
1732814005546 400.1004787753905 4427.8042470906075 759.3543681652659 4475.878081050728 240.1954156629427 2115.9094111087948 127.40516785827039 1473.6246779852004
1732814006546 119.49006209036143 1637.606899705832 459.87573414804683 3511.6967634396824 189.8560799399571 1284.323128765262 315.3082189003347 1805.2490053436907
1732814007546 977.5458103923006 2950.017890856981 549.535373990566 1332.5071370894352 352.30154880777593 403.7037197021533 303.70624345109076 1220.061253202417
1732814008546 510.8160355034561 1329.5041328102186 648.7094993135856 3144.9679436866027 211.09356955927979 2452.957534787389 345.43384135308145 1824.7044967780337
1732814009546 967.0257251661585 1631.6168934564346 507.2734970524878 4775.292474900592 89.07879391759388 269.81496072150395 483.2054805620118 1899.116004966184
1732814010546 715.467185469452 4340.973895540156 230.39773441198716 737.0928676400424 230.47785192808476 916.7711586034635 151.58331209383454 675.4235117248971
1732814011546 750.1706901554185 1498.1179883687341 951.743084098073 4962.431913503243 319.7551607584638 1903.6788096641553 174.44408100894373 1147.1655327017183
1732814012546 424.50007726325447 3429.0240833952926 345.70836269791914 2222.2985364039428 123.82510816827451 1822.6268729306248 369.50663797072997 1801.5855905504513
1732814013546 300.4899106780195 2410.6296293518553 990.9935372824399 1567.4277641258157 336.85590291287525 1569.671135422436 242.23548813680256 1862.8216801766396
1732814014546 468.7965467943062 3523.0101715471187 744.0331083031058 653.4054516754893 445.32703141359343 1838.7980738422627 276.74284177459674 1856.1375473930773
1732814015546 243.30116690447778 4405.777065123211 673.9096371455693 4638.170041007287 342.3873047668671 1054.633625549919 170.5094128275195 1714.5122771944052
1732814016546 174.0046633259232 2733.8498048478227 631.4347637947162 4432.403531848521 358.5175029269459 2176.738490746488 281.08891929145125 966.1876040574735
1732814017546 899.411273199631 2155.201614460402 692.5508254294933 1588.5002432491824 437.2962172735183 1552.7839183604021 276.4116087907055 2191.138494870159
1732814018546 280.3686069914568 3589.458367763719 364.3696850092603 4931.9716288670115 342.4402108228177 1458.8104062858595 335.11197792153206 2167.40152369505
1732814019546 607.9196224555718 2896.6520959908544 336.2432612505522 2579.8801745890805 348.4859545936241 1939.46088053767 418.3276203749251 363.2301777096147
1732814020546 155.124516549248 2962.134440439967 732.407393841111 3479.0388917080354 100.23237501251928 933.7239736811295 217.6537896544199 1984.3102349264018
1732814021546 430.55346993051523 2285.987823862303 255.12420761585776 1192.8523659337825 208.60401861123074 2181.2434428814922 361.45546825995524 2299.1550842079105
1732814022546 729.6337855907536 1639.7138783597213 245.42225615960538 3806.5780818399867 343.58009007652174 1021.7695057328685 314.18832459018614 1459.011959886103
1732814023546 748.7606043227063 2106.7233131163284 435.23942570870867 2150.204871811916 422.97081489442587 411.01360281557857 55.90834605386155 901.4587993590618
1732814024546 869.6075934042374 4097.2567228329535 835.9245939484773 622.9611915225913 482.1446831716346 2091.9085290095054 255.95004737239256 2324.975865920759
1732814025546 609.3424534659887 2736.3979466188493 974.5574453902749 1601.9709928076265 133.463500549066 565.9011568848264 212.5615867609253 1489.792875227489
1732814026546 313.6150552843956 4441.797817975506 139.87504195792718 2446.3093056857697 267.6356705126458 1763.2003776668244 384.2694282223834 767.693658109873
1732814027546 429.58866874809473 654.0372179120315 982.413989942804 4974.615014839641 474.15466239527177 814.9701360765582 364.63642534011893 1371.7466601304538
1732814028546 289.8469020885294 3120.53840800091 501.69454068674713 1595.8458073093552 418.5742226011503 1576.9325168714392 322.8870867821222 602.6782316778923
1732814029546 330.4487846484807 3608.106408601495 145.90018568319215 4399.888025976386 100.41231999998399 520.0645970117956 271.2009649159824 1721.7497134515334
1732814030546 627.4553959116096 4555.193425260366 806.0677642801649 703.7188874843511 165.46214941052983 1163.9607237276362 376.1055067748164 867.145833702515
1732814031546 527.8648552839063 991.1105554444493 381.13387931330243 1837.9226566058278 322.6903684905299 2280.131049030847 259.84301572609604 571.7574725922796
